39  67  71  67  57  62
20  88  70  91  73  77
21  72  87  62  67  77
40  72  63  64  73  86
22  22  40  99  29  90
23  81  54  59  68  55
37  82  96  84  79  82
 2  60  73  61  50  70
26  72  69  67  75  60
27  60  73  60  68  77
38  20   6  53  32  43
25  26  14  75  63  36
 3  29  43  33  49  33
32  48  43  73  15  80
 9  99  85  75  83  82
33  15  48  78  99  88
 1  75  85  95  56  84
31  55  69  77  54  67
24  92  91 100  89  95
10  73  50  45  19  97
 8  58  59  70  45  99
28  97  99  21  83  43
30  64  51  70  64  65
11  95 92  91  89  95
 7  65  74  69  74  85
13  28  17  80  61  50
29  32  56  19  38  70
12  82  91  86  84  81
35  77  82  94  70  85
14  72  77  57  88  98
36  49  61  97  84  73
15  69  61  59  61  68
16  63  97  60  13  55
 4  85  59  58  53  89
34  25  81  50  21  30
17  59  74  55  80  87
18  74  28  65  85  84
 6  34  17  21  62  50
19  80  75  73  83  91
 5  63  67  56  79  68 
